Parameters used:
  # items to hash: 439
  random # seed: 323232
  max load factor: 15.18
  initial size of hash table: 11
  max chain length: none
  output file name: moo.txt
Hashtable statistics:
  current table size:       47
  # items in table:         439
  current load factor:      9.340425531914894
  longest chain length:     17
  # 0-length chains:        0
  avg (non-0) chain length: 9.340425531914894
Hashtable contents:
0: [916415729, -21556080, 285041511, 1492993164, -1161118926, -593480985, -1954076606]
1: [1080631709, 1929461109, 135554722, -751730031, -1048962872, 1843747820, 1573041638, -741090735, -2144137931, -2112598628]
2: [-1342582634, 90577133, -1918892592, 526353190, -590431153, 2033067252, -2128675588, 454327429, -435080220, -2045892373, 1386090256, 465496697, -1682994093, -699580099]
3: [1996961524, -221977989, 1812950649, -1855474645, 496447467, -1518589267, 1258962542, 1785204199, -521652997, 586426100]
4: [1970484545, -1408636009, 1066530772, 340070901, -1207550269, -840769131, 1799142332, -1567181156, -842035499, 1932813716, -2063201766]
5: [-1410253372, -1111887408, -1281219290, 1704545057, -1415134369, -1401220818, -92106929, 1721670165, -961720246]
6: [978480974, -727377963, 2120981461, -567393911, -362549722, -438338303]
7: [470647714, -605543951, -361426844, 406654018, -392843665, -123805372, 1559081563, -195223235]
8: [699985108, -844386623, -808082178, -565024686, 1735100136, -713303153, -574400011, 1527549499, 563340786, 1453142154, 1830238147, 1731104995, -580129170]
9: [-89936324, -1211494222, -2042022198, -761647869, -1216313132, 530865056, -1747550936, -184126298, 656894992, 180206469, -1222516333, 1426541941]
10: [888864809, -1027496271, -1771146439, -33718824, -559130132, 615044548, 1337957188, 1921460496, -2107895658, 839939642, 727898410, 2084924428, -2067209168, 1876240480, 1573974973]
11: [-872576139, -325692317, 368636192, -1825150519, 1473540533, 61984833, -544680827, -341086368, 60733975, -284076355, 1325288245, -1501096470]
12: [-356328420, -1647832584, -1759536356, 765170634, -1353114760, -450594346, -1795865147, -1213212586, -1716000585]
13: [-290851074, 1917119626, 651502122, 998595101, 1486448662, 1144995354, 1606133974, -1817257901, -1669296261, -1302950625]
14: [-1985738189, -1019784648, -1552047334, -78649692, -14529096, 328431126, 297340579, 564624362, 1781581873, -1477916302, -279773596, 976096578, -1930542611, 1852495990, 875626558, 1652421314, -634719523]
15: [-981537692, -1394103410, -337327492, -836582830, -2075928744, -838711225, 1797969928, 922702699, -987145309, 1484081368, 1537322827, -1966268391, -1863959167]
16: [-1898137096, -1033987811, -241286986, -1235072752, 1247636401, -1805648522]
17: [803161820, 1491950204, 184264598, 248273945, -676354000, -1523375686, 211121385, 1551288973, -1353809603, 1120015704]
18: [-708528037, -2012127463, -2041837620, 2115547944, -544002798, -1979106955, 2140018964, 1969115026, 1342459514, 1369422098, -1363662447, -1329575039]
19: [-1887551048, -1271862986, 417742364, 1042857780, -1910313101, -303522221, 694562024]
20: [-1245210225, -196947041, -1131957850, 1883990038, 795171588, -673444603, 859005672]
21: [-860179503, 1894391233, -565286886, 490610179, 1031721038, 1518993773, -691237204, 204624391, -1875981714]
22: [1948014192, -793235146, -1890050035, -409809475, -877525698, 1438554120]
23: [1556418512, 829891431, 347856235, 1617309221, -1769905344, 12201035, -881862528, -1965228414]
24: [319395809, -1955233581, 514670892, 217064025, -69232198, -1732913805, 1774138023, -1412599123, 173417099, -793927595]
25: [1178174358, -493491562, -1900001765, 1288378548, -57891144, 1516411503]
26: [-705822709, -1982135533, -1855058202, -1319605297]
27: [960425193, 875939732, -518836639, -233993092, 548463895, -97859378, -1436591210, 982822056, -194103487, 337590922, 1657122220]
28: [696308741, -148918297, -1851472711, 615345507, 1475442076, -637522636, 327115281, 696990147, 1534089616, 1969441921]
29: [106664273, -887076138, 1297761115, 21748715, -929683612, -1723705090, 1104446402, 1636596946, 1596615738, -2129301037, -623469964, 1935954328, -2122724656]
30: [-960320702, 918423787, 1734063385, -425987478, 1437525815, 982616199, 1482771446, 905604208]
31: [720655919, 63062046, -1722314217, 1435712744, 895030102, -1943118008]
32: [-2009224682, -1279073807, -1688118567, -1610317916, 402805824, -34202338, -126807190, -1054332920, -1041308938]
33: [-1889952734, -1348414598, -196135620, -2093807197, 709837743, -107812186, 662854428, -759048651, 393768806, 1333067895]
34: [-805325884, 1352267067, 521957453, 1951842871, -135310851, -514033749, -99631224, -1193142577, -2061608248, -1894047843, 1648998183, -1564877233]
35: [711011053, 218154013, 595565846, -699034208, -1499026942, 595061442, 1071804250, -1171395958]
36: [-1423802877, 1741478769, 1073748453, 548736081, 1051841048, -983363856, -153402888, -1022898517, -1628938043, 347724084]
37: [2006348398, -2075642304, 506278632, 2121334838, -1567079227, 1280269603, -1281742650]
38: [39175243, 862807614, 1922087363, 488746223, -162813602]
39: [1279685207, -1085467734, -1280834655, 1275033147, -179033865, 704439376, -210614152]
40: [1762764415, -1199698648, -1258961230, 1046830194, 1550891987, 1121037225]
41: [575975500, -367852791, 2081138703, -981772055, -1154048628, -44075431]
42: [-1070361649, 988256117, -33899460, 1510244227, 647830041, 328068126, -131428972, 1482904045, 1976248992, 1715038173]
43: [2073053436, -1832918365, 209848745, -1062413619, -946124856, -1991500407, -716724624, -905014849]
44: [1496354084, 230962509, -404142287, 1664963106, -2028037595, -1630874811, -1722467565, -469970158, 1793849984, 768866276, -907960714]
45: [1923383583, -1885208542, -1082097875, 1712958426, 1873088319, -2119794613, -2048357715, 999963914, 831626270, 452604969]
46: [-1113997479, -1237038967, -1906347684, 1615352587, 296551011, 671572706, -802914020, -2037757522, -932475066, -1312597295, 1211611354]
